0 0.631640625 0.54150390625 0.01953125 0.0283203125
0 0.7171875 0.50390625 0.0328125 0.044921875
0 0.475390625 0.57861328125 0.01484375 0.0185546875
0 0.682421875 0.470703125 0.01953125 0.025390625
0 0.08125 0.18408203125 0.025 0.0302734375
0 0.225 0.1533203125 0.0125 0.017578125
0 0.045703125 0.04248046875 0.01796875 0.0224609375
0 0.05234375 0.47705078125 0.0125 0.0205078125
0 0.061328125 0.49365234375 0.01796875 0.0185546875
0 0.9671875 0.630859375 0.0203125 0.017578125
0 0.970703125 0.64697265625 0.01953125 0.0166015625
