0 0.577734375 0.6142578125 0.03046875 0.041015625
0 0.628125 0.43359375 0.015625 0.044921875
0 0.11875 0.40625 0.0171875 0.0234375
0 0.47734375 0.90283203125 0.0265625 0.0419921875
0 0.964453125 0.08837890625 0.01796875 0.0185546875
0 0.333203125 0.8779296875 0.01796875 0.02734375
0 0.5453125 0.59375 0.021875 0.02734375
0 0.205859375 0.255859375 0.01796875 0.021484375
0 0.01640625 0.80322265625 0.0171875 0.0224609375
0 0.98828125 0.18701171875 0.0171875 0.0185546875
0 0.9828125 0.20263671875 0.015625 0.0185546875
