0 0.56875 0.4306640625 0.0203125 0.046875
0 0.11640625 0.22802734375 0.0171875 0.0224609375
0 0.5203125 0.611328125 0.028125 0.041015625
0 0.35703125 0.87841796875 0.015625 0.0244140625
0 0.026953125 0.697265625 0.01796875 0.0234375
0 0.486328125 0.59326171875 0.02109375 0.0263671875
0 0.19375 0.0908203125 0.015625 0.0234375
0 0.81640625 0.021484375 0.0140625 0.017578125
0 0.323828125 0.8994140625 0.02578125 0.03515625
0 0.8640625 0.05517578125 0.0140625 0.0185546875
0 0.857421875 0.0703125 0.01484375 0.015625
