0 0.615234375 0.52490234375 0.02734375 0.0380859375
0 0.584765625 0.50048828125 0.03046875 0.0341796875
0 0.664453125 0.337890625 0.01796875 0.046875
0 0.977734375 0.81494140625 0.02265625 0.0302734375
0 0.044140625 0.65771484375 0.01953125 0.0244140625
0 0.087109375 0.7685546875 0.01796875 0.01953125
0 0.132421875 0.8818359375 0.01640625 0.02734375
0 0.253515625 0.12158203125 0.01484375 0.0205078125
0 0.166015625 0.3701171875 0.01640625 0.01953125
0 0.182421875 0.37890625 0.02109375 0.021484375
