0 0.67421875 0.65966796875 0.0234375 0.0341796875
0 0.64609375 0.638671875 0.0234375 0.025390625
0 0.330859375 0.9140625 0.01796875 0.02734375
0 0.731640625 0.47998046875 0.01796875 0.0439453125
0 0.83125 0.93359375 0.0203125 0.037109375
0 0.151171875 0.9404296875 0.01484375 0.029296875
0 0.212109375 0.55615234375 0.01484375 0.0263671875
0 0.67109375 0.9736328125 0.015625 0.025390625
0 0.8125 0.9677734375 0.0203125 0.041015625
0 0.683203125 0.9609375 0.01484375 0.021484375
0 0.67578125 0.9443359375 0.015625 0.025390625
