0 0.617578125 0.47607421875 0.02265625 0.0478515625
0 0.56640625 0.65771484375 0.028125 0.0380859375
0 0.5328125 0.63818359375 0.021875 0.0244140625
0 0.469921875 0.93603515625 0.01640625 0.0263671875
0 0.7640625 0.97314453125 0.01875 0.0263671875
0 0.973046875 0.94287109375 0.01484375 0.0205078125
0 0.971484375 0.958984375 0.01328125 0.01953125
0 0.901171875 0.13330078125 0.01484375 0.0185546875
0 0.057421875 0.8251953125 0.01640625 0.025390625
0 0.7625 0.9482421875 0.021875 0.0390625
0 0.7640625 0.96240234375 0.0203125 0.0458984375
0 0.9171875 0.9267578125 0.0171875 0.021484375
0 0.922265625 0.94482421875 0.01953125 0.0244140625
