0 0.521875 0.74755859375 0.0234375 0.0478515625
0 0.228125 0.17138671875 0.015625 0.0205078125
0 0.46875 0.92578125 0.0171875 0.02734375
0 0.941796875 0.44140625 0.01796875 0.021484375
0 0.509765625 0.10546875 0.01484375 0.021484375
0 0.462890625 0.0966796875 0.01484375 0.01953125
0 0.02734375 0.5029296875 0.0203125 0.02734375
0 0.109765625 0.5576171875 0.01953125 0.021484375
0 0.050390625 0.5517578125 0.02265625 0.029296875
0 0.0765625 0.4697265625 0.025 0.021484375
0 0.110546875 0.4775390625 0.02578125 0.0234375
