0 0.422265625 0.47412109375 0.01640625 0.0458984375
0 0.559375 0.974609375 0.0171875 0.0234375
0 0.892578125 0.48583984375 0.01640625 0.0205078125
0 0.83828125 0.9638671875 0.0171875 0.0234375
0 0.927734375 0.61376953125 0.02421875 0.0361328125
0 0.6671875 0.93798828125 0.015625 0.0263671875
0 0.02734375 0.2744140625 0.015625 0.0234375
0 0.841796875 0.94140625 0.01796875 0.029296875
0 0.9671875 0.92236328125 0.0203125 0.0283203125
0 0.962890625 0.94921875 0.01796875 0.033203125
0 0.37578125 0.65478515625 0.01875 0.0458984375
