0 0.971875 0.90478515625 0.0171875 0.0244140625
0 0.433203125 0.47509765625 0.01640625 0.0458984375
0 0.38359375 0.6552734375 0.0203125 0.04296875
0 0.9359375 0.611328125 0.0234375 0.029296875
0 0.536328125 0.96533203125 0.01328125 0.0263671875
0 0.944140625 0.9267578125 0.01953125 0.03515625
0 0.8953125 0.4296875 0.015625 0.0234375
0 0.01640625 0.30078125 0.01875 0.025390625
0 0.704296875 0.93701171875 0.01328125 0.0263671875
0 0.04921875 0.22705078125 0.0140625 0.0224609375
0 0.8171875 0.94775390625 0.0203125 0.0400390625
0 0.817578125 0.9619140625 0.01796875 0.02734375
0 0.3578125 0.640625 0.0140625 0.01953125
