0 0.712109375 0.478515625 0.02265625 0.048828125
0 0.626953125 0.63720703125 0.02421875 0.0263671875
0 0.655859375 0.6591796875 0.02734375 0.03515625
0 0.187890625 0.59228515625 0.01484375 0.0244140625
0 0.150390625 0.97412109375 0.01796875 0.0244140625
0 0.341796875 0.9140625 0.01640625 0.025390625
0 0.828125 0.9697265625 0.021875 0.037109375
0 0.837109375 0.93310546875 0.02265625 0.0341796875
0 0.83515625 0.99072265625 0.0328125 0.0146484375
0 0.672265625 0.98193359375 0.01796875 0.0205078125
0 0.68125 0.9521484375 0.0140625 0.021484375
0 0.68984375 0.96484375 0.0140625 0.01953125
