0 0.41484375 0.47314453125 0.015625 0.0478515625
0 0.571875 0.9765625 0.0171875 0.025390625
0 0.3640625 0.650390625 0.0203125 0.044921875
0 0.950390625 0.96875 0.01796875 0.02734375
0 0.848828125 0.96044921875 0.01796875 0.0263671875
0 0.852734375 0.93798828125 0.02265625 0.0361328125
0 0.641015625 0.9375 0.01796875 0.02734375
0 0.011328125 0.30029296875 0.01328125 0.0205078125
0 0.33828125 0.6376953125 0.0125 0.017578125
0 0.91328125 0.623046875 0.0125 0.013671875
0 0.88984375 0.51953125 0.0171875 0.01953125
0 0.975 0.92041015625 0.0203125 0.0322265625
