0 0.716796875 0.98291015625 0.01953125 0.0283203125
0 0.238671875 0.92041015625 0.01640625 0.0244140625
0 0.666015625 0.6669921875 0.02109375 0.02734375
0 0.69375 0.689453125 0.0203125 0.033203125
0 0.265625 0.4619140625 0.015625 0.0234375
0 0.604296875 0.9677734375 0.01640625 0.04296875
0 0.17578125 0.85009765625 0.0140625 0.0224609375
0 0.60703125 0.98193359375 0.015625 0.0322265625
0 0.60234375 0.958984375 0.0140625 0.02734375
0 0.006640625 0.96728515625 0.01328125 0.0166015625
0 0.750390625 0.50927734375 0.01484375 0.0400390625
0 0.766015625 0.97412109375 0.01796875 0.0185546875
0 0.7640625 0.95703125 0.0203125 0.0234375
