0 0.623046875 0.4326171875 0.02109375 0.044921875
0 0.571875 0.61279296875 0.03125 0.0400390625
0 0.3609375 0.87451171875 0.0171875 0.0244140625
0 0.537109375 0.59375 0.02265625 0.029296875
0 0.41796875 0.9072265625 0.015625 0.03515625
0 0.22109375 0.177734375 0.015625 0.0234375
0 0.13828125 0.3212890625 0.01875 0.017578125
0 0.042578125 0.7548828125 0.01953125 0.0234375
0 0.685546875 0.5986328125 0.01640625 0.025390625
0 0.915625 0.05712890625 0.0171875 0.0185546875
0 0.945703125 0.134765625 0.01796875 0.017578125
0 0.955078125 0.11669921875 0.01484375 0.0224609375
