0 0.6359375 0.4765625 0.0234375 0.048828125
0 0.583984375 0.65771484375 0.02890625 0.0380859375
0 0.894921875 0.92822265625 0.02578125 0.0341796875
0 0.552734375 0.63916015625 0.02578125 0.0283203125
0 0.435546875 0.9345703125 0.01640625 0.025390625
0 0.736328125 0.962890625 0.01796875 0.04296875
0 0.862109375 0.09912109375 0.01796875 0.0224609375
0 0.73515625 0.9736328125 0.015625 0.025390625
0 0.08046875 0.77294921875 0.015625 0.0283203125
0 0.73671875 0.94873046875 0.0171875 0.0341796875
0 0.93671875 0.95556640625 0.01875 0.0361328125
0 0.937109375 0.96630859375 0.01640625 0.0185546875
