0 0.5984375 0.474609375 0.0234375 0.048828125
0 0.919140625 0.93505859375 0.02109375 0.0361328125
0 0.547265625 0.658203125 0.02734375 0.03515625
0 0.90859375 0.1552734375 0.0203125 0.021484375
0 0.480859375 0.9375 0.01640625 0.02734375
0 0.76875 0.97265625 0.01875 0.0234375
0 0.514453125 0.638671875 0.01953125 0.02734375
0 0.039453125 0.85302734375 0.01640625 0.0244140625
0 0.98671875 0.91748046875 0.015625 0.0205078125
0 0.982421875 0.94677734375 0.01484375 0.0166015625
0 0.9765625 0.96142578125 0.0203125 0.0185546875
0 0.7703125 0.94921875 0.015625 0.025390625
