0 0.535546875 0.42822265625 0.01953125 0.0478515625
0 0.34765625 0.88134765625 0.0171875 0.0224609375
0 0.487109375 0.609375 0.02734375 0.04296875
0 0.271484375 0.89453125 0.02265625 0.037109375
0 0.175 0.05419921875 0.0171875 0.0224609375
0 0.096484375 0.1865234375 0.01484375 0.0234375
0 0.76171875 0.00732421875 0.0125 0.0146484375
0 0.6625 0.5859375 0.0140625 0.01953125
0 0.80625 0.04296875 0.021875 0.025390625
0 0.45546875 0.59375 0.01875 0.0234375
0 0.8015625 0.0537109375 0.0171875 0.0234375
0 0.0046875 0.69580078125 0.009375 0.0185546875
