0 0.716796875 0.96533203125 0.02578125 0.0400390625
0 0.65625 0.98583984375 0.01875 0.0224609375
0 0.74453125 0.51708984375 0.0171875 0.0400390625
0 0.685546875 0.6962890625 0.01953125 0.03125
0 0.221484375 0.98974609375 0.01796875 0.0185546875
0 0.549609375 0.95849609375 0.01796875 0.0302734375
0 0.181640625 0.9248046875 0.01796875 0.025390625
0 0.5546875 0.9833984375 0.0171875 0.03125
0 0.187109375 0.8037109375 0.01640625 0.025390625
0 0.032421875 0.974609375 0.01484375 0.01953125
0 0.659375 0.67578125 0.021875 0.0234375
0 0.273046875 0.41552734375 0.01328125 0.0224609375
