0 0.4453125 0.47509765625 0.01875 0.0458984375
0 0.394921875 0.65576171875 0.02109375 0.0400390625
0 0.978515625 0.880859375 0.01796875 0.02734375
0 0.7265625 0.93359375 0.01875 0.02734375
0 0.895703125 0.3984375 0.01640625 0.025390625
0 0.9375 0.92822265625 0.01875 0.0361328125
0 0.06328125 0.20263671875 0.0140625 0.0263671875
0 0.0296875 0.2724609375 0.01875 0.029296875
0 0.94375 0.61083984375 0.0203125 0.0244140625
0 0.527734375 0.9619140625 0.01484375 0.025390625
0 0.3671875 0.640625 0.0140625 0.017578125
0 0.808203125 0.94482421875 0.01953125 0.0263671875
0 0.808203125 0.96923828125 0.01796875 0.0283203125
