0 0.5765625 0.4755859375 0.025 0.048828125
0 0.211328125 0.03759765625 0.01796875 0.0283203125
0 0.0203125 0.89794921875 0.015625 0.0263671875
0 0.523046875 0.65673828125 0.02890625 0.0419921875
0 0.92421875 0.21435546875 0.0171875 0.0244140625
0 0.50546875 0.94482421875 0.015625 0.0263671875
0 0.9375 0.91748046875 0.0203125 0.0302734375
0 0.24765625 0.00732421875 0.0125 0.0146484375
0 0.490234375 0.6376953125 0.01953125 0.029296875
0 0.936328125 0.94287109375 0.01640625 0.0244140625
0 0.7890625 0.94384765625 0.0171875 0.0185546875
0 0.7875 0.97607421875 0.015625 0.0263671875
0 0.797265625 0.9619140625 0.01796875 0.025390625
