0 0.643359375 0.43310546875 0.01796875 0.0439453125
0 0.592578125 0.61279296875 0.03046875 0.0380859375
0 0.559765625 0.591796875 0.02734375 0.029296875
0 0.311328125 0.87939453125 0.01796875 0.0244140625
0 0.876171875 0.05419921875 0.02890625 0.0283203125
0 0.559375 0.91259765625 0.01875 0.0361328125
0 0.284765625 0.06298828125 0.02109375 0.0205078125
0 0.261328125 0.06396484375 0.01171875 0.0185546875
0 0.197265625 0.34326171875 0.01640625 0.0224609375
0 0.1140625 0.5029296875 0.0171875 0.021484375
