0 0.599609375 0.5986328125 0.03046875 0.041015625
0 0.56875 0.5771484375 0.0265625 0.033203125
0 0.651171875 0.41552734375 0.01640625 0.0498046875
0 0.25546875 0.11376953125 0.025 0.0263671875
0 0.27109375 0.86767578125 0.01875 0.0263671875
0 0.179296875 0.40673828125 0.01953125 0.0224609375
0 0.933984375 0.0693359375 0.02421875 0.025390625
0 0.626953125 0.90625 0.01953125 0.033203125
0 0.104296875 0.57373046875 0.01796875 0.0205078125
0 0.9390625 0.06689453125 0.0140625 0.0224609375
0 0.249609375 0.1142578125 0.01640625 0.021484375
