0 0.594921875 0.611328125 0.03203125 0.0390625
0 0.645703125 0.42919921875 0.01796875 0.0458984375
0 0.56171875 0.59033203125 0.025 0.0283203125
0 0.296484375 0.876953125 0.01640625 0.0234375
0 0.111328125 0.53173828125 0.01484375 0.0185546875
0 0.1890625 0.37109375 0.0171875 0.01953125
0 0.58359375 0.91357421875 0.01875 0.0322265625
0 0.27578125 0.08251953125 0.0140625 0.0185546875
0 0.25703125 0.08349609375 0.0140625 0.0224609375
0 0.905078125 0.05615234375 0.01328125 0.0126953125
0 0.891015625 0.07421875 0.01640625 0.017578125
0 0.899609375 0.0654296875 0.01796875 0.015625
