0 0.607421875 0.43115234375 0.02421875 0.0498046875
0 0.55546875 0.6123046875 0.0296875 0.041015625
0 0.877734375 0.0419921875 0.01640625 0.01953125
0 0.363671875 0.8740234375 0.01796875 0.0234375
0 0.52109375 0.5927734375 0.021875 0.029296875
0 0.135546875 0.28076171875 0.01484375 0.0185546875
0 0.04375 0.7265625 0.01875 0.021484375
0 0.216015625 0.1376953125 0.01796875 0.0234375
0 0.383203125 0.90966796875 0.02421875 0.0380859375
0 0.926171875 0.08544921875 0.02265625 0.0244140625
0 0.918359375 0.103515625 0.01640625 0.0234375
