0 0.56015625 0.47607421875 0.025 0.0478515625
0 0.508203125 0.6572265625 0.02578125 0.037109375
0 0.5421875 0.95068359375 0.0171875 0.0263671875
0 0.957421875 0.92724609375 0.01796875 0.0361328125
0 0.893359375 0.92041015625 0.01953125 0.0224609375
0 0.94140625 0.2783203125 0.0171875 0.01953125
0 0.016015625 0.94580078125 0.01328125 0.0224609375
0 0.17109375 0.1181640625 0.015625 0.02734375
0 0.2078125 0.06640625 0.0125 0.017578125
0 0.476171875 0.6396484375 0.01484375 0.025390625
0 0.823828125 0.9560546875 0.02265625 0.05078125
0 0.82265625 0.96826171875 0.021875 0.0302734375
0 0.8234375 0.9404296875 0.0203125 0.041015625
0 0.96015625 0.93701171875 0.015625 0.0205078125
