0 0.575 0.47705078125 0.025 0.0498046875
0 0.936328125 0.2412109375 0.01640625 0.021484375
0 0.52265625 0.65673828125 0.028125 0.0380859375
0 0.2015625 0.0703125 0.0171875 0.029296875
0 0.2390625 0.02978515625 0.0140625 0.0244140625
0 0.487890625 0.63818359375 0.01796875 0.0283203125
0 0.948828125 0.93701171875 0.01484375 0.0341796875
0 0.923046875 0.91796875 0.01484375 0.0234375
0 0.806640625 0.93798828125 0.01796875 0.0205078125
0 0.805859375 0.97607421875 0.02578125 0.0205078125
0 0.810546875 0.9560546875 0.01640625 0.0234375
0 0.525390625 0.947265625 0.02109375 0.025390625
0 0.0234375 0.92041015625 0.01875 0.0244140625
