0 0.702734375 0.47802734375 0.01796875 0.0478515625
0 0.648046875 0.658203125 0.02890625 0.037109375
0 0.381640625 0.919921875 0.01796875 0.025390625
0 0.620703125 0.6376953125 0.02890625 0.025390625
0 0.170703125 0.654296875 0.01484375 0.021484375
0 0.805078125 0.0107421875 0.01640625 0.021484375
0 0.869140625 0.93408203125 0.01953125 0.0380859375
0 0.8734375 0.97314453125 0.0171875 0.0263671875
0 0.70859375 0.9482421875 0.015625 0.015625
0 0.719921875 0.962890625 0.01171875 0.021484375
0 0.69921875 0.9755859375 0.0140625 0.029296875
