0 0.42890625 0.4736328125 0.0171875 0.046875
0 0.96015625 0.923828125 0.03125 0.033203125
0 0.38046875 0.65380859375 0.0203125 0.0439453125
0 0.896484375 0.45947265625 0.01640625 0.0263671875
0 0.551171875 0.97021484375 0.01484375 0.0263671875
0 0.685546875 0.93798828125 0.01640625 0.0283203125
0 0.00703125 0.33154296875 0.0140625 0.0224609375
0 0.037890625 0.25390625 0.01484375 0.0234375
0 0.934375 0.61328125 0.021875 0.03125
0 0.83203125 0.943359375 0.0234375 0.041015625
0 0.833203125 0.9638671875 0.01796875 0.02734375
0 0.6859375 0.4150390625 0.0203125 0.025390625
0 0.35390625 0.6396484375 0.0125 0.01953125
0 0.833984375 0.95458984375 0.01953125 0.0283203125
