0 0.4765625 0.474609375 0.0203125 0.046875
0 0.946875 0.92724609375 0.0203125 0.0322265625
0 0.4265625 0.65576171875 0.0234375 0.0400390625
0 0.771875 0.93115234375 0.0171875 0.0263671875
0 0.537890625 0.95947265625 0.01484375 0.0263671875
0 0.09921875 0.17236328125 0.0140625 0.0244140625
0 0.063671875 0.240234375 0.01796875 0.02734375
0 0.9140625 0.37646484375 0.0140625 0.0166015625
0 0.81875 0.9453125 0.021875 0.03125
0 0.81484375 0.9658203125 0.015625 0.0234375
0 0.969140625 0.6123046875 0.01640625 0.021484375
