0 0.219140625 0.923828125 0.01953125 0.0234375
0 0.271875 0.44384765625 0.0140625 0.0224609375
0 0.665234375 0.671875 0.02109375 0.025390625
0 0.1828125 0.83154296875 0.0140625 0.0263671875
0 0.693359375 0.69287109375 0.01953125 0.0322265625
0 0.7515625 0.51220703125 0.015625 0.0419921875
0 0.58828125 0.984375 0.015625 0.02734375
0 0.0171875 0.97314453125 0.0140625 0.0205078125
0 0.58515625 0.958984375 0.0140625 0.025390625
0 0.7515625 0.9697265625 0.0203125 0.033203125
0 0.698046875 0.98828125 0.01796875 0.021484375
