0 0.52734375 0.47314453125 0.021875 0.0478515625
0 0.47734375 0.65478515625 0.0265625 0.0400390625
0 0.968359375 0.92578125 0.01796875 0.03125
0 0.11953125 0.1982421875 0.0171875 0.0234375
0 0.945703125 0.34228515625 0.01640625 0.0185546875
0 0.562109375 0.95556640625 0.01328125 0.0263671875
0 0.4453125 0.6435546875 0.0109375 0.015625
0 0.837109375 0.96435546875 0.01484375 0.0224609375
0 0.836328125 0.9404296875 0.02890625 0.0546875
0 0.83125 0.92919921875 0.0203125 0.0322265625
0 0.019140625 0.986328125 0.01484375 0.021484375
0 0.837890625 0.95458984375 0.02265625 0.0400390625
0 0.152734375 0.1357421875 0.01328125 0.01953125
