0 0.580859375 0.4755859375 0.02578125 0.048828125
0 0.922265625 0.93408203125 0.02265625 0.0361328125
0 0.9578125 0.91650390625 0.01875 0.0263671875
0 0.528515625 0.65673828125 0.02734375 0.0400390625
0 0.915234375 0.18310546875 0.01796875 0.0205078125
0 0.489453125 0.9404296875 0.01640625 0.02734375
0 0.025 0.876953125 0.0203125 0.033203125
0 0.77890625 0.95068359375 0.0171875 0.0341796875
0 0.7703125 0.9775390625 0.0140625 0.0234375
0 0.98828125 0.9423828125 0.0171875 0.01953125
0 0.9859375 0.96044921875 0.009375 0.0205078125
0 0.49453125 0.638671875 0.025 0.029296875
