0 0.54609375 0.474609375 0.0234375 0.046875
0 0.1484375 0.15576171875 0.0171875 0.0244140625
0 0.494921875 0.65673828125 0.02734375 0.0400390625
0 0.55390625 0.95263671875 0.015625 0.0263671875
0 0.865625 0.92236328125 0.0203125 0.0244140625
0 0.94765625 0.3095703125 0.0171875 0.017578125
0 0.01953125 0.9638671875 0.0171875 0.025390625
0 0.462890625 0.6416015625 0.01328125 0.021484375
0 0.183203125 0.10107421875 0.01640625 0.0302734375
0 0.83359375 0.96630859375 0.0203125 0.0322265625
0 0.9671875 0.92724609375 0.01875 0.0380859375
