0 0.98046875 0.46630859375 0.01875 0.0205078125
0 0.5328125 0.74609375 0.021875 0.05078125
0 0.500390625 0.12841796875 0.01484375 0.0185546875
0 0.540625 0.13134765625 0.0140625 0.0244140625
0 0.026953125 0.53759765625 0.01796875 0.0244140625
0 0.10546875 0.5234375 0.021875 0.021484375
0 0.051171875 0.5927734375 0.01640625 0.0234375
0 0.225390625 0.2158203125 0.01640625 0.021484375
0 0.108203125 0.603515625 0.01171875 0.015625
0 0.06875 0.515625 0.0171875 0.025390625
0 0.4796875 0.9287109375 0.01875 0.0234375
